image: mat2026_ninja_sima.png
resolution: 0.010000
origin: [0.000000, 0.000000, 0.000000]
negate: 0
occupied_thresh: 0.1
free_thresh: 0.1
